5.,-0.4653551013263927,-0.6618693122922645,-0.8784945351783754
5.03469594595001,-0.46547961234304797,-0.6617196827588343,-0.8782954054931457
5.069632653633092,-0.4655893510706546,-0.6615573806438273,-0.8780840980051163
5.1048117937404625,-0.46568470120666045,-0.6613827527271626,-0.877860956774438
5.1402350485565815,-0.46576604644851355,-0.6611961457887602,-0.8776263258612605
5.1759041120395946,-0.4658337704936618,-0.6609979066085393,-0.8773805493257343
5.2118206899023445,-0.4658882570395531,-0.6607883819664195,-0.8771239712280093
5.247986499693943,-0.4659298897836354,-0.6605679186423203,-0.8768569356282357
5.284403270881897,-0.4659590524233566,-0.6603368634161613,-0.8765797865865639
5.32107274493481,-0.46597612865616467,-0.660095563067862,-0.8762928681631437
5.357996675405675,-0.4659815021795075,-0.6598443643773418,-0.8759965244181254
5.3951768280157175,-0.4659755566908331,-0.6595836141245204,-0.8756910994116592
5.432614980738831,-0.4659586758875893,-0.6593136590893173,-0.8753769372038953
5.470312923886616,-0.46593124346722403,-0.6590348460516517,-0.8750543818549837
5.50827246019398,-0.4658936431271853,-0.6587475217914437,-0.8747237774250746
5.546495404905342,-0.46584625856492096,-0.6584520330886123,-0.8743854679743183
5.584983585861456,-0.465789473477879,-0.6581487267230772,-0.8740397975628648
5.623738843586804,-0.4657236715635073,-0.657837949474758,-0.8736871102508642
5.662763031377615,-0.4656492365192539,-0.6575200481235742,-0.8733277500984669
5.702058015390492,-0.46556655204256653,-0.6571953694494453,-0.8729620611658229
5.7416256747316545,-0.46547600183089327,-0.6568642602322908,-0.8725903875130823
5.781467901546789,-0.46537796958168204,-0.65652706725203,-0.8722130732003954
5.8215866011115445,-0.4652728389923807,-0.6561841372885829,-0.8718304622879122
5.861983691922638,-0.46516099376043724,-0.6558358171218687,-0.871442898835783
5.902661105789596,-0.4650428175832995,-0.6554824535318069,-0.8710507269041577
5.943620787927136,-0.4649186941584156,-0.6551243932983172,-0.8706542905531869
5.984864697048189,-0.4647890071832332,-0.654761983201319,-0.8702539338430204
6.026394805457571,-0.4646541403552005,-0.6543955700207317,-0.8698500008338085
6.068213099146285,-0.4645144773717652,-0.654025500536475,-0.8694428355857012
6.110321577886507,-0.4643704019303753,-0.6536521215284685,-0.8690327821588489
6.152722255327213,-0.46422229772847884,-0.6532757797766315,-0.8686201846134015
6.195417159090464,-0.4640705484635237,-0.6528968220608837,-0.8682053870095093
6.238408330868376,-0.4639155378329577,-0.6525155951611445,-0.8677887334073225
6.281697826520757,-0.4637576495342289,-0.6521324458573335,-0.8673705678669912
6.325287716173408,-0.4635972672647851,-0.6517477209293703,-0.8669512344486655
6.369180084317129,-0.4634347747220744,-0.6513617671571741,-0.8665310772124957
6.413377029907398,-0.4632705556035446,-0.6509749313206646,-0.8661104402186317
6.457880666464738,-0.4631049936066436,-0.6505875601997615,-0.8656896675272239
6.502693122175794,-0.4629384724288194,-0.6502000005743841,-0.8652691031984223
6.547816539995094,-0.46277137576752,-0.649812599224452,-0.8648490912923772
6.593253077747544,-0.46260408732019315,-0.6494257029298847,-0.8644299758692385
6.6390049082315965,-0.4624369907842869,-0.6490396584706016,-0.8640121009891568
6.685074219323165,-0.46227046985724923,-0.6486548126265226,-0.8635958107122819
6.731463214080254,-0.46210490823652794,-0.6482715121775668,-0.8631814490987639
6.778174110848296,-0.461940689619571,-0.647890103903654,-0.8627693602087533
6.825209143366245,-0.46177819770382633,-0.6475109345847034,-0.8623598881023999
6.872570560873392,-0.46161781618674197,-0.6471343510006349,-0.8619533768398541
6.920260628216931,-0.4614599287657657,-0.6467606999313678,-0.8615501704812659
6.96828162596025,-0.4613077112779841,-0.6463929149504051,-0.8611531957074401
7.016635850492,-0.4611871137193817,-0.6460550288797589,-0.8607864444110875
7.065325614135916,-0.46106925218072703,-0.6457202733593622,-0.8604231892536098
7.114353245261372,-0.460954080473422,-0.6453885968987723,-0.8600633766672712
7.163721088394743,-0.4608415524088683,-0.6450599480075461,-0.8597069530843359
7.2134315043315205,-0.4607316217984677,-0.6447342751952408,-0.859353864937068
7.2634868702491975,-0.4606242424536221,-0.6444115269714136,-0.8590040586577316
7.31388957982095,-0.4605193681857331,-0.6440916518456214,-0.8586574806785909
7.364642043330111,-0.46041695280620254,-0.6437745983274213,-0.8583140774319102
7.415746687785421,-0.46031695012643215,-0.6434603149263705,-0.8579737953499535
7.467205957037095,-0.46021931395782373,-0.643148750152026,-0.8576365808649851
7.519022311893683,-0.4601239981117791,-0.6428398525139449,-0.857302380409269
7.57119823023976,-0.46003095639970004,-0.6425335705216844,-0.8569711404150695
7.623736207154401,-0.4599401426329882,-0.6422298526848014,-0.8566428073146507
7.6766387550305115,-0.45985151062304547,-0.6419286475128532,-0.8563173275402768
7.729908403694968,-0.4597650141812736,-0.6416299035153966,-0.855994647524212
7.783547700529596,-0.45968060711907427,-0.6413335692019888,-0.8556747136987202
7.837559210592975,-0.45959824324784937,-0.6410395930821872,-0.855357472496066
7.891945516743119,-0.4595178763790006,-0.6407479236655484,-0.8550428703485132
7.9467092197609865,-0.4594394603239298,-0.6404585094616297,-0.8547308536883261
8.001852938474842,-0.459360724967402,-0.6401686049631273,-0.8544188222492096
8.057379309885489,-0.4592824635588943,-0.639879175556815,-0.8541076837342275
8.113290989292391,-0.4592061728915984,-0.6395920388871797,-0.8537991514997131
8.16959065042063,-0.4591318733550016,-0.6393072241150385,-0.8534932482188962
8.226280985548767,-0.4590595853385913,-0.6390247604012083,-0.8531899965650065
8.283364705637606,-0.4589893292318547,-0.6387446769065059,-0.8528894192112743
8.34084454045981,-0.45892112542427915,-0.6384670027917484,-0.8525915388309291
8.398723238730454,-0.4588549943053519,-0.6381917672177526,-0.852296378097201
8.457003568238472,-0.45879095626456035,-0.6379189993453354,-0.85200395968332
8.515688315979,-0.45872903169139173,-0.6376487283353137,-0.8517143062625158
8.574780288286664,-0.45866924097533335,-0.6373809833485045,-0.8514274405080184
8.634282310969784,-0.4586116045058726,-0.6371157935457246,-0.8511433850930579
8.694197229445491,-0.45855614267249667,-0.636853188087791,-0.8508621626908638
8.754527908875804,-0.45850287586469285,-0.6365931961355203,-0.8505837959746662
8.815277234304647,-0.4584518244719486,-0.63633584684973,-0.850308307617695
8.8764481107958,-0.45840300888375113,-0.6360811693912366,-0.8500357202931802
8.93804346357185,-0.45835644948958765,-0.6358291929208569,-0.8497660566743515
9.000066238154036,-0.45831770714056563,-0.6355883813283068,-0.8495067973152274
9.062519400503131,-0.45828777451904906,-0.6353602439808167,-0.8492592736688588
9.125405937161286,-0.45825957803045414,-0.6351340102473172,-0.8490139593688563
9.188728855394816,-0.458232855976683,-0.6349092798420429,-0.8487704973772041
9.252491183338027,-0.45820734665963786,-0.634685652479229,-0.8485285306558873
9.316695970138035,-0.458182788381221,-0.6344627278731101,-0.8482877021668901
9.381346286100552,-0.45815891944333453,-0.634240105737921,-0.848047654872197
9.446445222836722,-0.45813547814788075,-0.6340173857878965,-0.8478080317337928
9.511995893410978,-0.4581122027967618,-0.6337941677372714,-0.8475684757136619
9.578001432489879,-0.4580888316918798,-0.6335700513002805,-0.8473286297737889
9.644464996492031,-0.45806510313513704,-0.6333446361911589,-0.847088136876158
9.711389763739042,-0.45804075542843575,-0.633117522124141,-0.8468466399827543
9.778778934607477,-0.4580155268736782,-0.6328883088134617,-0.8466037820555621
9.846635731681921,-0.4579891557727664,-0.632656595973356,-0.8463592060565658
9.914963399909096,-0.4579613804276027,-0.6324219833180584,-0.8461125549477502
9.98376520675301,-0.45792857328973796,-0.6321770009576525,-0.8458576323825902
10.053044442351228,-0.45787140942590965,-0.631881208345399,-0.8455610091125751
10.122804419672201,-0.45781334302962834,-0.6315840178574978,-0.8452634720583395
10.193048474673692,-0.45775486823240313,-0.6312866167464193,-0.8449659754470151
10.263779966462312,-0.4576964791657433,-0.6309901922646339,-0.8446694735057335
10.335002277454148,-0.45763866996115815,-0.6306959316646121,-0.8443749204616263
10.406718813536498,-0.45758193475015685,-0.6304050221988241,-0.8440832705418254
10.47893300423078,-0.45752676766424877,-0.6301186511197404,-0.8437954779734621
10.551648302856494,-0.45747366283494295,-0.6298380056798313,-0.8435124969836684
10.624868186696377,-0.45742311439374883,-0.6295642731315672,-0.8432352817995756
10.698596157162697,-0.4573756164721755,-0.6292986407274183,-0.8429647866483155
10.772835739964675,-0.4573316632017323,-0.6290422957198553,-0.8427019657570198
10.847590485277102,-0.4572917487139284,-0.6287964253613483,-0.8424477733528202
10.922863967910105,-0.4572563671402732,-0.6285622169043679,-0.8422031636628483
10.99865978748009,-0.45723501467033206,-0.6283772074152029,-0.8419963625691096
11.074981568581876,-0.457226696885133,-0.6282365734615982,-0.8418238147482826
11.151832960962052,-0.4572232250487412,-0.6281064413562893,-0.8416601697577475
11.229217639693466,-0.45722448532422555,-0.6279855434087246,-0.8415045399896501
11.307139305351004,-0.4572303638746554,-0.6278726119283528,-0.8413560378361361
11.385601684188542,-0.45724074686309957,-0.6277663792246223,-0.8412137756893511
11.464608528317132,-0.4572555204526273,-0.6276655776069819,-0.8410768659414406
11.544163615884434,-0.4572745708063077,-0.6275689393848802,-0.8409444209845505
11.624270751255397,-0.4572977840872098,-0.6274751968677656,-0.8408155532108261
11.704933765194156,-0.45732504645840266,-0.627383082365087,-0.8406893750124136
11.786156515047283,-0.4573562440829555,-0.6272913281862926,-0.8405649987814581
11.86794288492817,-0.4573912631239373,-0.6271986666408312,-0.8404415369101056
11.950296785902818,-0.4574304667755922,-0.6270988724402382,-0.8403149408777878
12.033222156176873,-0.4574769784087943,-0.6269570348628601,-0.8401628726309708
12.116722961283907,-0.45752678678462266,-0.6268123903884882,-0.840010269598287
12.200803194275094,-0.45757961347100795,-0.6266653818992916,-0.8398573348152045
12.28546687591015,-0.4576351800358808,-0.6265164522774395,-0.8397042713171918
12.370718054849592,-0.45769320804717173,-0.6263660444051008,-0.8395512821397171
12.456560807848362,-0.4577534190728116,-0.6262146011644446,-0.8393985703182485
12.542999239950785,-0.45781553468073094,-0.6260625654376404,-0.8392463388882543
12.630037484686856,-0.45787927643886045,-0.6259103801068568,-0.8390947908852026
12.71767970426991,-0.45794436591513077,-0.6257584880542633,-0.8389441293445619
12.805930089795687,-0.4580105246774725,-0.6256073321620287,-0.8387945573018002
12.894792861442719,-0.45807747429381634,-0.6254573553123223,-0.8386462777923857
12.984272268674152,-0.4581449363320929,-0.6253090003873131,-0.8384994938517868
13.074372590440976,-0.4582057135464328,-0.6251713571101578,-0.8383579129178134
13.165098135386625,-0.4582636605729415,-0.6250397030291501,-0.8382196446130726
13.25645324205301,-0.4583218931117731,-0.6249102391834966,-0.8380831728337045
13.348442279088038,-0.45838051166034144,-0.6247829348853181,-0.8379485086861257
13.441069645454442,-0.45843961671606004,-0.6246577594467355,-0.8378156632767536
13.534339770640244,-0.4584993087763426,-0.6245346821798695,-0.837684647712005
13.628257114870486,-0.4585596883386029,-0.6244136723968411,-0.8375554730982971
13.722826169320559,-0.4586208559002546,-0.624294699409771,-0.8374281505420472
13.818051456330984,-0.45868291195871125,-0.6241777325307799,-0.8373026911496722
13.913937529623645,-0.4587459570113867,-0.624062741071989,-0.837179106027589
14.01048897451957,-0.45881009155569463,-0.6239496943455187,-0.8370574062822151
14.107710408158196,-0.45887541608904864,-0.6238385616634902,-0.8369376030199672
14.205606479718169,-0.45894205193192594,-0.6237293078969514,-0.836819711350489
14.304181870639646,-0.4590129418299326,-0.6236212961729322,-0.8367042888013869
14.40344129484821,-0.45908521428795745,-0.6235151296600774,-0.8365907751145877
14.50338949898025,-0.45915886165794867,-0.6234108007354071,-0.8364791606055815
14.604031262609956,-0.45923387629185436,-0.6233083017759418,-0.8363694355898588
14.705371398477908,-0.45931025054162256,-0.6232076251587018,-0.8362615903829098
14.807414752721193,-0.4593879767592013,-0.6231087632607074,-0.8361556153002251
14.910166205105153,-0.45946704729653864,-0.6230117084589788,-0.8360515006572948
15.013630669256745,-0.4595474545055828,-0.6229164531305366,-0.8359492367696094
15.117813092899533,-0.45962919073828173,-0.6228229896524009,-0.8358488139526592
15.222718458090252,-0.4597122483465835,-0.6227313104015921,-0.8357502225219345
15.32835178145707,-0.4597966196824362,-0.6226414077551305,-0.8356534527929257
15.434718114439503,-0.4598822970977879,-0.6225532740900366,-0.8355584950811231
15.541822543529953,-0.45996917952082356,-0.6224668123477403,-0.835465241423283
15.649670190516945,-0.4600571560337046,-0.6223819160439659,-0.8353735734984683
15.758266212730069,-0.46014643012915746,-0.62229877968311,-0.8352837037353413
15.86761580328662,-0.46023700512304344,-0.6222174061380669,-0.8351956339830696
15.97772419133989,-0.46032888433122404,-0.6221377982817311,-0.8351093660908205
16.08859664232926,-0.4604220710695604,-0.622059958986997,-0.8350249019077615
16.20023845823202,-0.460516568653914,-0.6219838911267589,-0.83494224328306
16.312654977816837,-0.46061238040014624,-0.6219095975739114,-0.8348613920658834
16.42585157689913,-0.4607095096241184,-0.6218370812013488,-0.8347823501053993
16.539833668598124,-0.46080795964169186,-0.6217663448819657,-0.8347051192507751
16.654606703595693,-0.460907733768728,-0.6216973914886563,-0.8346297013511781
16.77017617039701,-0.4610088353210882,-0.6216302238943152,-0.8345560982557758
16.886547595593058,-0.46111126761463384,-0.6215648449718367,-0.8344843118137358
17.003726544124852,-0.46121500589237047,-0.6215012030749317,-0.8344143005856228
17.121718619549586,-0.4613200659529706,-0.6214393253188686,-0.8343460856692142
17.24052946430863,-0.4614264694200992,-0.6213792501314038,-0.8342796971444796
17.360164759997264,-0.4615342212787553,-0.6213209836269981,-0.8342151394344122
17.480630227636482,-0.4616433265139379,-0.6212645319201117,-0.8341524169620048
17.601931627946527,-0.46175379011064593,-0.6212099011252052,-0.8340915341502505
17.72407476162232,-0.4618656170538782,-0.6211570973567396,-0.8340324954221424
17.84706546961095,-0.46197881232863386,-0.6211061267291751,-0.8339753052006734
17.97090963339094,-0.4620933809199117,-0.6210569953569723,-0.8339199679088366
18.095613175253465,-0.4622093278127108,-0.6210097093545919,-0.833866487969625
18.22118205858564,-0.46232665799203004,-0.6209642748364943,-0.8338148698060315
18.347622288155634,-0.4624453764428684,-0.6209206979171402,-0.8337651178410493
18.474939910399836,-0.4625654881502248,-0.6208789847109901,-0.8337172364976713
18.60314101371202,-0.46268725765341007,-0.6208394496119072,-0.8336715193721963
18.732231728734455,-0.46281043767814556,-0.6208017991194513,-0.8336276898418173
18.86221822865109,-0.4629350058308104,-0.6207660068297844,-0.8335857218266013
18.993106729482808,-0.46306095673749914,-0.6207320665538273,-0.8335456082085323
19.12490349038459,-0.4631882850243064,-0.6206999721025004,-0.8335073418695944
19.257614813944887,-0.4633169853173268,-0.6206697172867245,-0.8334709156917718
19.391247046487038,-0.4634470522426549,-0.62064129591742,-0.8334363225570487
19.525806578372677,-0.46357848042638533,-0.6206147018055077,-0.8334035553474091
19.661299844307386,-0.4637112644946127,-0.6205899287619082,-0.8333726069448373
19.797733323648387,-0.4638453990734316,-0.6205669705975421,-0.8333434702313174
19.935113540714394,-0.46398087878893657,-0.6205458211233298,-0.8333161380888334
20.073447065097582,-0.4641176982672222,-0.6205264741501921,-0.8332906033993696
20.212740511977785,-0.46425455294889467,-0.6205099878151019,-0.8332662807482831
20.353000542438807,-0.4643888853015016,-0.620498446722677,-0.8332420269944945
20.494233863787002,-0.4645247839763285,-0.6204884907534653,-0.8332196573625087
20.63644722987197,-0.46466243785142347,-0.620479954582209,-0.8331992512002153
20.779647441409534,-0.4648020358048343,-0.6204726728836488,-0.8331808878555038
20.923841346307007,-0.46494376671460913,-0.6204664803325268,-0.8331646466762634
21.069035839990622,-0.4650878194587958,-0.6204612116035839,-0.8331506070103837
21.215237865735244,-0.46523438291544233,-0.620456701371562,-0.833138848205754
21.362454414996478,-0.46538364596259674,-0.6204527843112023,-0.8331294496102639
21.51069252774493,-0.4655357974783069,-0.6204492950972463,-0.8331224905718028
21.659959292802903,-0.46569102634062093,-0.6204460684044356,-0.8331180504382598
21.810261848183416,-0.46584952142758657,-0.6204429389075115,-0.8331162085575249
21.961607381431435,-0.4660114716172519,-0.6204397412812155,-0.833117044277487
22.11400312996772,-0.466182485050171,-0.6204313409501861,-0.8331228389011479
22.267456381434872,-0.4663613928171546,-0.6204188176265405,-0.8331331200801941
22.421974474045758,-0.46654375860190783,-0.6204062471059175,-0.833146087853233
22.577564796934546,-0.46672940988826134,-0.6203937954473109,-0.833161674726431
22.734234790510005,-0.46691817416004555,-0.6203816287097138,-0.8331798132059546
22.89199194681128,-0.4671098789010911,-0.6203699129521199,-0.8332004357979695
23.050843809866198,-0.4673043515952286,-0.6203588142335223,-0.8332234750086428
23.210797976052046,-0.46750141972628856,-0.6203484986129151,-0.8332488633441402
23.371862094458784,-0.46770091077810144,-0.620339132149291,-0.8332765333106281
23.534043867254866,-0.467902652234498,-0.620330880901644,-0.8333064174142729
23.69735105005555,-0.4681064715793087,-0.6203239109289674,-0.8333384481612409
23.86179145229378,-0.46831219629636406,-0.6203183882902547,-0.8333725580576984
24.02737293759362,-0.46851965386949473,-0.6203144790444992,-0.8334086796098117
24.194103424146313,-0.4687249779198198,-0.6203163655245446,-0.8334454836348952
24.361990885088932,-0.4689312754358483,-0.6203206480399478,-0.8334840227983675
24.531043348885667,-0.4691390854359742,-0.6203267190103217,-0.8335244726406644
24.701268899711724,-0.4693483942896871,-0.6203345717409958,-0.8335668199375016
24.872675677839926,-0.46955918836647664,-0.6203441995372997,-0.8336110514645946
25.04527188003002,-0.4697714540358323,-0.6203555957045629,-0.8336571539976589
25.219065759920582,-0.4699851776672438,-0.6203687535481147,-0.8337051143124106
25.394065628423768,-0.4702003456302006,-0.620383666373285,-0.8337549191845648
25.570279854122724,-0.47041694429419234,-0.6204003274854032,-0.8338065553898374
25.747716863671776,-0.4706349600287086,-0.6204187301897988,-0.833860009703944
25.92638514219939,-0.47085437920323886,-0.6204388677918012,-0.8339152689026003
26.10629323371397,-0.47107518818727284,-0.6204607335967403,-0.8339723197615219
26.287449741512383,-0.47129735039046716,-0.6204843311145152,-0.834031136649265
26.469863328591405,-0.4715207724585723,-0.6205096890839228,-0.8340916632599984
26.653542718061995,-0.4717455490302638,-0.6205367526897115,-0.8341539448765284
26.83849669356642,-0.4719716712049401,-0.6205655131349884,-0.8342179708305444
27.02473409969832,-0.47219913008199976,-0.6205959616228598,-0.8342837304537359
27.21226384242562,-0.4724279167608413,-0.6206280893564324,-0.8343512130777925
27.401094889516454,-0.4726580223408631,-0.6206618875388128,-0.8344204080344034
27.591236270968007,-0.4728894379214638,-0.6206973473731076,-0.8344913046552584
27.782697079438297,-0.4731221546020418,-0.6207344600624234,-0.8345638922720469
27.975486470681027,-0.47335616348199566,-0.6207732168098669,-0.8346381602164583
28.169613663983423,-0.4735914556607239,-0.6208136088185445,-0.8347140978201821
28.365087942607065,-0.4738280222376249,-0.6208556272915631,-0.8347916944149079
28.561918654231853,-0.47406585431209725,-0.6208992634320291,-0.8348709393323251
28.760115211403015,-0.4743047929935709,-0.6209443596618749,-0.8349516637914349
28.95968709198119,-0.47454482977572915,-0.6209909075753144,-0.8350338575395639
29.160643839595714,-0.47478612234032946,-0.6210390636152978,-0.8351176855120428
29.362995064100932,-0.47502867317615505,-0.6210888302825278,-0.8352031490467392
29.566750442035815,-0.4752724847719893,-0.6211402100777069,-0.8352902494815205
29.771919717086664,-0.47551755961661557,-0.6211932055015374,-0.8353789881542542
29.978512700553093,-0.4757639001988171,-0.6212478190547219,-0.8354693664028078
30.186539271817093,-0.4760115090073772,-0.6213040532379629,-0.8355613855650486
30.396009378815645,-0.47626038853107927,-0.6213619105519627,-0.835655046978844
30.60693303851633,-0.47651054125870657,-0.621421393497424,-0.8357503519820616
30.81932033739631,-0.4767619696790424,-0.621482504575049,-0.835847301912569
31.033181431924767,-0.47701467628087013,-0.6215452462855406,-0.8359458981082333
31.24852654904856,-0.47726866355297304,-0.6216096211296008,-0.8360461419069221
31.4653659866812,-0.47752385356294125,-0.6216755195326695,-0.8361479349312199
31.68371011419542,-0.4777803122978143,-0.6217430324868465,-0.8362513572513076
31.903569372919016,-0.47803806592949216,-0.62181219549771,-0.8363564395700567
32.12495427663404,-0.47829712069828567,-0.6218830162941054,-0.8364631878769027
32.347875412079766,-0.4785574828445062,-0.6219555026048775,-0.8365716081612812
32.5723434394588,-0.4788191586084647,-0.6220296621588715,-0.8366817064126275
32.79836909294692,-0.47908215423047235,-0.6221055026849324,-0.8367934886203775
33.025963181206386,-0.47934647595084023,-0.6221830319119052,-0.8369069607739664
33.25513658790282,-0.47961213000987946,-0.622262257568635,-0.8370221288628301
33.48590027222562,-0.4798791226479011,-0.6223431873839668,-0.8371389988764038
33.718265269412136,-0.4801474601052163,-0.6224258290867456,-0.8372575768041232
33.95224269127526,-0.4804171486221362,-0.6225101904058167,-0.8373778686354236
34.18784372673487,-0.48068823848808434,-0.6225963290232448,-0.8374999294498506
34.425079642352905,-0.4809610360446789,-0.622684592993156,-0.8376240996818552
34.66396178287208,-0.4812351871505907,-0.6227745813591277,-0.8377499836970199
34.90450157175841,-0.48151068345646103,-0.6228662853048138,-0.8378775712254625
35.146710511747564,-0.48178751661293107,-0.6229596960138681,-0.8380068519973016
35.39060018539481,-0.48206567827064173,-0.6230548046699443,-0.8381378157426551
35.63618225562899,-0.4823451600802343,-0.623151602456696,-0.8382704521916412
35.883468466310184,-0.48262595369234984,-0.6232500805577772,-0.838404751074378
36.132470642791375,-0.48290805075762955,-0.6233502301568414,-0.8385407021209836
36.38320069248389,-0.48319144292671456,-0.6234520424375425,-0.8386782950615762
36.63567060542685,-0.48347612185024585,-0.6235555085835343,-0.8388175196262739
36.88989245486049,-0.48376207917886477,-0.6236606197784703,-0.8389583655451949
37.14587839780359,-0.48404930656321227,-0.6237673672060045,-0.8391008225484573
37.40364067563476,-0.48433780913911595,-0.6238757547601957,-0.8392448930391359
37.663191614677835,-0.484627582942199,-0.6239857777577442,-0.8393905708682179
37.924543626791376,-0.4849186000608187,-0.6240974089439559,-0.8395378273817985
38.187709209962165,-0.48521085095653615,-0.6242106383817222,-0.8396866511925356
38.452700948902866,-0.4855043260909122,-0.6243254561339341,-0.839837030913087
38.71953151565386,-0.485799015925508,-0.6244418522634831,-0.8399889551561105
38.98821367018923,-0.48609491092188467,-0.6245598168332607,-0.8401424125342639
39.2587602610269,-0.48639200154160306,-0.6246793399061579,-0.840297391660205
39.53118422584309,-0.48669027824622424,-0.6248004115450663,-0.8404538811465917
39.805498592091034,-0.4869897314973093,-0.6249230218128772,-0.8406118696060818
40.08171647762391,-0.48729035175641927,-0.6250471607724817,-0.8407713456513332
40.359851091322156,-0.4875921294851151,-0.6251728184867714,-0.8409322978950033
40.63991573372513,-0.48789505514495785,-0.6252999850186376,-0.8410947149497505
40.92192379766719,-0.4881988429370428,-0.6254283611773908,-0.8412582947547592
41.20588876891805,-0.48850366928608424,-0.6255581317353167,-0.841423221587874
41.49182422682774,-0.4888096393591372,-0.625689406855643,-0.8415896047516396
41.779743844976004,-0.4891167576974095,-0.6258221913431035,-0.8417574476729209
42.069661391826116,-0.48942502884210887,-0.6259564900024316,-0.8419267537785835
42.361590731383295,-0.48973445733444315,-0.6260923076383614,-0.8420975264954922
42.65554582385781,-0.49004504771562013,-0.6262296490556264,-0.8422697692505123
42.951540726332354,-0.49035680452684755,-0.6263685190589603,-0.842443485470509
43.24958959343443,-0.49066973230933325,-0.6265089224530968,-0.8426186785823475
43.54970667801324,-0.490983835604285,-0.6266508640427696,-0.8427953520128928
43.85190633182105,-0.4912991189529104,-0.6267943486327124,-0.8429735091890103
44.156203006199775,-0.4916155868964175,-0.6269393810276589,-0.8431531535375649
44.46261125277195,-0.4919332460746949,-0.6270859677336549,-0.8433342907423349
44.771145724136424,-0.49225214407433027,-0.6272341484505077,-0.8435169705210106
45.08182117456935,-0.4925722384413837,-0.6273838898859674,-0.8437011457620678
45.39465246072954,-0.49289353194417895,-0.6275351954075652,-0.8438868179858194
45.70965454236891,-0.49321602735103953,-0.6276880683828323,-0.8440739887125783
46.02684248304802,-0.4935397274302892,-0.6278425121793002,-0.8442626594626572
46.34623145085634,-0.49386463495025157,-0.6279985301645,-0.844452831756369
46.667836719137426,-0.49419075267925017,-0.6281561257059631,-0.8446445071140263
46.99167366721963,-0.49451808338560854,-0.6283153021712209,-0.8448376870559421
47.31775778115129,-0.4948466298376505,-0.6284760629278043,-0.8450323731024291
47.646104654441395,-0.4951763948036996,-0.628638411343245,-0.8452285667738
47.976729988805175,-0.4955073810520795,-0.6288023507850743,-0.8454262695903679
48.309649594915165,-0.49583959135111366,-0.6289678846208231,-0.8456254830724453
48.64487939315697,-0.4961731903630733,-0.629135192177783,-0.8458263872802042
48.982435414390906,-0.4965083069941812,-0.6293044139206087,-0.8460291228413365
49.322333800718425,-0.4968446329205341,-0.6294752150960155,-0.8462333481974716
49.664590806254026,-0.4971821538872852,-0.629647580569342,-0.8464390460954324
50.00922279790262,-0.49752085563958787,-0.6298214952059275,-0.8466461992820413
50.356246256142256,-0.49786072392259545,-0.6299969438711106,-0.8468547905041212
50.70567777581194,-0.49820174448146104,-0.6301739114302303,-0.8470648025084944
51.057534066905596,-0.4985439030613382,-0.6303523827486255,-0.8472762180419838
51.411831955370815,-0.4988871854073801,-0.6305323426916349,-0.847489019851412
51.76858838391369,-0.49923157726473993,-0.6307137761245977,-0.8477031906836017
52.12782041280899,-0.4995770643785713,-0.6308966679128527,-0.8479187132853754
52.48954522071593,-0.4999236324940273,-0.6310810029217385,-0.8481355704035559
52.853780105499624,-0.5002712673562613,-0.6312667660165945,-0.8483537447849658
53.22054248505848,-0.5006196801112238,-0.6314536528119542,-0.8485729305030448
53.58984989815682,-0.5009690028618056,-0.6316418023400037,-0.8487932641637044
53.96172000526391,-0.5013193752795289,-0.6318313616053954,-0.849014890329407
54.336170589398385,-0.5016707985342423,-0.6320223317211684,-0.8492378079622411
54.71321955697842,-0.5020232737957943,-0.6322147138003615,-0.8494620160242945
55.092884938678424,-0.5023768022340334,-0.632408508956014,-0.8496875134776551
55.475184890290905,-0.502731385018808,-0.6326037183011646,-0.8499142992844111
55.86013769359495,-0.5030870233199668,-0.6328003429488525,-0.8501423724066506
56.24776175723036,-0.5034437183073581,-0.6329983840121167,-0.8503717318064614
56.63807561757796,-0.5038014711508305,-0.6331978426039963,-0.8506023764459318
57.03109793964593,-0.5041602830202325,-0.6333987198375302,-0.8508343052871495
57.4268475179627,-0.5045201550854127,-0.6336010168257574,-0.8510675172922029
57.82534327747521,-0.5048810885162195,-0.6338047346817172,-0.8513020114231798
58.2266042744544,-0.5052430507067444,-0.6340098270579757,-0.8515377603595136
58.63064969740621,-0.5056060770228613,-0.6342163431185904,-0.8517747896729794
59.03749886798926,-0.5059701707777332,-0.6344242869883088,-0.8520130999934887
59.44717124193879,-0.5063353344387559,-0.634633661603436,-0.8522526912928177
59.85968640999701,-0.5067015704733249,-0.6348444699002778,-0.8524935635427429
60.27506409885016,-0.507068881348836,-0.6350567148151394,-0.8527357167150403
60.69332417207157,-0.5074372695326851,-0.6352703992843264,-0.8529791507814866
61.11448663107166,-0.5078067374922677,-0.6354855262441443,-0.8532238657138577
61.53857161605454,-0.5081772876949798,-0.6357020986308987,-0.8534698614839302
61.96559940698085,-0.5085489226082169,-0.6359201193808949,-0.8537171380634804
62.39559042453773,-0.508921644699375,-0.6361395914304384,-0.8539656954242845
62.828565231115455,-0.5092954564358494,-0.6363605177158348,-0.8542155335381187
63.264544531790534,-0.5096704548982627,-0.6365830034535953,-0.8544667592885465
63.7035491753159,-0.5100467797036379,-0.636807199843567,-0.8547195276247422
64.14560015511805,-0.5104241857067862,-0.6370328421441954,-0.8549735587192958
64.59071861030066,-0.5108026630526604,-0.637259919970794,-0.855228838619774
65.03892582665569,-0.5111822018862133,-0.6374884229386767,-0.8554853533737434
65.49024323768134,-0.511562792352398,-0.6377183406631577,-0.8557430890287712
65.94469242560683,-0.5119444245961668,-0.6379496627595505,-0.856002031632424
66.40229512242463,-0.5123270887624729,-0.6381823788431691,-0.8562621672322686
66.86307321092951,-0.5127107749962689,-0.6384164785293276,-0.8565234818758718
67.32704872576508,-0.5130954734425078,-0.6386519514333397,-0.8567859616108003
67.79424385447761,-0.5134811742461423,-0.6388887871705193,-0.8570495924846211
68.26468093857696,-0.513867867552125,-0.6391269753561803,-0.8573143605449007
68.73838247460482,-0.5142555435054089,-0.6393665056056368,-0.8575802518392062
69.21537111521084,-0.5146442157794017,-0.6396073921287522,-0.857847288282074
69.69566967023553,-0.5150338660277783,-0.6398496156648156,-0.8581154429768976
70.17930110780114,-0.5154244670073577,-0.6400931476531352,-0.8583846754646294
70.66628855541026,-0.5158160073907831,-0.6403379761700038,-0.8586549695484353
71.1566553010515,-0.516208475850698,-0.640584089291714,-0.8589263090314817
71.65042479431324,-0.5166018610597456,-0.6408314750945585,-0.8591986777169347
72.14762064750502,-0.5169961516905692,-0.6410801216548303,-0.8594720594079603
72.64826663678656,-0.517391336415812,-0.6413300170488221,-0.8597464379077244
73.1523867033049,-0.5177874039081176,-0.6415811493528264,-0.8600217970193933
73.66000495433931,-0.518184342840129,-0.6418335066431361,-0.8602981205461331
74.17114566445393,-0.5185821418844898,-0.6420870769960438,-0.8605753922911098
74.6858332766588,-0.518980789713843,-0.6423418484878425,-0.8608535960574895
75.20409240357844,-0.5193802750008322,-0.6425978091948247,-0.8611327156484383
75.72594782862929,-0.519780319836044,-0.6428546673452824,-0.8614124687305175
76.25142450720435,-0.5201811620862562,-0.6431126726103106,-0.8616930878846306
76.78054756786695,-0.5205828288008487,-0.643371853352683,-0.8619745952265538
77.31334231355231,-0.5209853196568442,-0.6436322092006839,-0.8622569855454446
77.84983422277747,-0.5213886343312654,-0.6438937397825969,-0.8625402536304604
78.39004895085957,-0.5217927725011346,-0.644156444726706,-0.8628243942707585
78.93401233114315,-0.522197733843475,-0.6444203236612952,-0.8631094022554964
79.48175037623486,-0.5226035180353088,-0.6446853762146484,-0.8633952723738316
80.03328927924804,-0.523010124753659,-0.6449516020150495,-0.8636819994149215
80.58865541505493,-0.5234175536755482,-0.6452190006907824,-0.8639695781679235
81.14787534154785,-0.5238258044779991,-0.6454875718701312,-0.8642580034219951
81.71097580090958,-0.5242348768380343,-0.6457573151813797,-0.8645472699662937
82.27798372089173,-0.5246447772917459,-0.6460282360175396,-0.864837384589137
82.84892621610285,-0.5250555229418868,-0.6463003486524082,-0.8651283725640124
83.4238305893049,-0.5254670877514536,-0.6465736311028302,-0.8654201836963182
84.00272433271878,-0.5258794702239007,-0.6468480820107599,-0.865712810722188
84.58563512933907,-0.5262926688626826,-0.6471237000181523,-0.866006246377755
85.17259085425806,-0.5267066821712537,-0.6474004837669617,-0.866300483399153
85.76361957599836,-0.5271215086530683,-0.6476784318991425,-0.8665955145225153
86.35874955785553,-0.5275371468115809,-0.6479575430566495,-0.8668913324839754
86.95800925924947,-0.5279535951502461,-0.6482378158814375,-0.867187930019667
87.5614273370853,-0.5283708521725181,-0.6485192490154605,-0.8674852998657233
88.16903264712407,-0.5287889163818515,-0.6488018411006735,-0.8677834347582781
88.78085424536188,-0.5292077862817006,-0.6490855907790309,-0.8680823274334646
89.39692138942041,-0.52962746037552,-0.6493704966924874,-0.8683819706274166
90.01726353994532,-0.5300481782529202,-0.6496568123398664,-0.8686826290606771
90.64191036201522,-0.5304699035919886,-0.649944499548549,-0.8689842561806993
91.27089172656046,-0.5308924026054753,-0.6502333114014642,-0.8692865826619077
91.9042377117913,-0.5313156567658307,-0.6505232285367608,-0.8695895820266925
92.54197860463633,-0.5317396475455055,-0.6508142315925876,-0.8698932277974438
93.18414490219098,-0.5321643564169503,-0.6511063012070936,-0.870197493496552
93.8307673131758,-0.5325897648526157,-0.6513994180184276,-0.8705023526464072
94.48187675940501,-0.5330158543249524,-0.6516935626647388,-0.8708077787693996
95.137504377265,-0.533442606306411,-0.6519887157841758,-0.8711137453879196
95.79768151920345,-0.5338700022694421,-0.6522848580148878,-0.8714202260243573
96.46243975522874,-0.5342980236864965,-0.6525819699950234,-0.8717271942011028
97.1318108744194,-0.5347266520300248,-0.6528800323627317,-0.8720346234405465
97.80582688644444,-0.5351558687724773,-0.6531790257561617,-0.8723424872650786
98.4845200230941,-0.5355852755547207,-0.6534785380253405,-0.872650374185588
99.16792273982094,-0.5360151746574326,-0.6537788815598199,-0.8729585829076837
99.856067717292,-0.536445637736549,-0.6540801302575071,-0.8732671783671098
100.5489878629519,-0.5368766632093291,-0.6543822822793691,-0.8735761512621484
101.2467163125961,-0.537308249493033,-0.6546853357863726,-0.8738854922910821
101.94928643195563,-0.5377403950049202,-0.6549892889394844,-0.8741951921521935
102.65673181829271,-0.5381730981622501,-0.6552941398996712,-0.8745052415437649
103.3690863020071,-0.5386063573822824,-0.6555998868279,-0.8748156311640782
104.08638394825442,-0.5390401710822766,-0.6559065278851376,-0.8751263517114165
104.8086590585745,-0.5394745376794926,-0.6562140612323508,-0.8754373938840619
105.53594617253232,-0.5399094555911896,-0.6565224850305063,-0.8757487483802967
106.26828006936937,-0.5403449232346276,-0.656831797440571,-0.8760604058984034
107.00569576966686,-0.5407810076069978,-0.6571420683916608,-0.8763724356392542
107.74822853702032,-0.5412180245918148,-0.657453628269707,-0.8766851917007801
108.49591387972634,-0.5416555669031856,-0.6577660506717631,-0.8769982003779424
109.2487875524799,-0.5420936158572193,-0.6580793158626288,-0.8773114327935504
110.00688555808483,-0.5425321527700253,-0.6583934041071042,-0.8776248600704142
110.77024414917521,-0.5429711589577133,-0.6587082956699898,-0.8779384533313433
111.53889982994913,-0.5434106157363926,-0.6590239708160853,-0.8782521836991479
112.31288935791378,-0.5438505044221723,-0.6593404098101909,-0.8785660222966374
113.09224974564415,-0.544290806331162,-0.6596575929171066,-0.8788799402466214
113.8770182625521,-0.5447315027794709,-0.6599755004016326,-0.8791939086719102
114.6672324366693,-0.5451725750832087,-0.6602941125285687,-0.8795078986953131
115.46293005644121,-0.5456140045584844,-0.6606134095627153,-0.8798218814396401
116.26414917253489,-0.5460557725214077,-0.6609333717688723,-0.8801358280277009
117.07092809965768,-0.5464977545882562,-0.6612538613234404,-0.8804496050950534
117.88330541839028,-0.5469399176916168,-0.6615748424218737,-0.8807631695459919
118.70131997703123,-0.5473823757482978,-0.6618964434711601,-0.8810766235828403
119.52501089345486,-0.5478251186480262,-0.6622186543145897,-0.8813899468036699
120.35441755698155,-0.5482681362805283,-0.662541464795452,-0.881703118806552
121.18957963026197,-0.5487114185355314,-0.6628648647570371,-0.8820161191895581
122.03053705117311,-0.549154955302762,-0.6631888440426349,-0.8823289275507594
122.87733003472873,-0.549598736471947,-0.6635133924955351,-0.8826415234882272
123.72999907500197,-0.5500427519328129,-0.6638384999590276,-0.8829538866000327
124.58858494706213,-0.5504869915750867,-0.6641641562764021,-0.8832659964842473
125.45312870892447,-0.5509314452884954,-0.6644903512909489,-0.8835778327389423
126.32367170351343,-0.5513761029627653,-0.6648170748459575,-0.883889374962189
127.20025556063975,-0.5518209544876235,-0.6651443167847177,-0.8842006027520588
128.08292219899158,-0.5522659863293584,-0.6654720779005265,-0.884511518890579
128.97171382813866,-0.5527111909061182,-0.6658003399494153,-0.8848220858530331
129.86667295055085,-0.5531565592968513,-0.6661290889708991,-0.8851322751839319
130.76784236363088,-0.5536020815574535,-0.6664583142767696,-0.8854420653560293
131.67526516176054,-0.5540477477438205,-0.6667880051788184,-0.8857514348420793
132.5889847383616,-0.554493547911848,-0.6671181509888371,-0.8860603621148361
133.50904478797133,-0.5549394721174319,-0.6674487410186173,-0.8863688256470535
134.43548930833148,-0.5553855104164677,-0.6677797645799507,-0.886676803911486
135.36836260249243,-0.5558316528648511,-0.6681112109846286,-0.8869842753808872
136.30770928093196,-0.5562778895184782,-0.6684430695444431,-0.8872912185280114
137.25357426368817,-0.5567242104332444,-0.6687753295711854,-0.8875976118256125
138.2060027825079,-0.5571706056650456,-0.6691079803766474,-0.8879034337464446
139.16504038300957,-0.5576171087200166,-0.6694410565370857,-0.8882087127413856
140.1307329268616,-0.5580641546864203,-0.6697750109785913,-0.8885139391764051
141.1031265939748,-0.5585112235409595,-0.6701093016358579,-0.8888185048116992
142.08226788471114,-0.558958285362051,-0.6704438970090572,-0.8891223651411637
143.06820362210763,-0.5594053102281125,-0.67077876559836,-0.8894254756586943
144.0609809541151,-0.5598522682175607,-0.6711138759039378,-0.8897277918581867
145.06064735585292,-0.560299129408813,-0.6714491964259613,-0.8900292692335363
146.06725063187943,-0.5607458638802865,-0.6717846956646021,-0.8903298632786389
147.08083891847738,-0.5611924417103984,-0.672120342120031,-0.8906295294873903
148.101460685957,-0.561638832977566,-0.6724561042924195,-0.890928223353686
149.1291647409724,-0.5620850077602062,-0.6727919506819385,-0.8912259003714217
150.16400022885696,-0.5625309361367362,-0.6731278497887594,-0.891522516034493
151.20601663597245,-0.5629765881855733,-0.6734637701130529,-0.8918180258367956
152.2552637920761,-0.5634224597718095,-0.6737986911779708,-0.8921129329532898
153.3117918727029,-0.5638687914241786,-0.6741320727808932,-0.8924074745900651
154.37565140156588,-0.5643146872928254,-0.6744655121874276,-0.892700704254449
155.44689325297108,-0.5647600673756068,-0.674799072096639,-0.8929925252743622
156.52556865425143,-0.56520485167038,-0.6751328152075933,-0.8932828409777253
157.61172918821586,-0.5656489601750017,-0.6754668042193551,-0.8935715546924586
158.7054267956163,-0.5660923128873289,-0.67580110183099,-0.8938585697464829
159.80671377763102,-0.566534829805218,-0.6761357707415628,-0.8941437894677186
160.9156427983666,-0.5669764309265266,-0.6764708736501395,-0.8944271171840864
162.03226688737516,-0.5674170362491111,-0.6768064732557848,-0.8947084562235067
163.15663944219148,-0.5678565657708285,-0.677142632257564,-0.8949877099139002
164.28881423088575,-0.5682949394895357,-0.6774794133545424,-0.8952647815831873
165.42884539463503,-0.5687320774030897,-0.6778168792457854,-0.8955395745592888
166.57678745031188,-0.5691670850994209,-0.6781568203760184,-0.8958112886785676
167.7326952930924,-0.5696003810445304,-0.6784982419594403,-0.8960802578483363
168.89662419908012,-0.5700322749709168,-0.6788403798850358,-0.8963467220513394
170.06862982795028,-0.570462730229989,-0.6791832048786399,-0.8966106220645225
171.24876822561075,-0.570891710173156,-0.6795266876660885,-0.8968718986648314
172.43709582688314,-0.5713191781518268,-0.6798707989732169,-0.8971304926292117
173.6336694582003,-0.57174509751741,-0.6802155095258604,-0.8973863447346091
174.838546340325,-0.5721694316213145,-0.6805607900498548,-0.8976393957579695
176.05178409108535,-0.5725921438149494,-0.6809066112710354,-0.8978895864762383
177.2734407281307,-0.5730131974497232,-0.6812529439152375,-0.8981368576663612
178.50357467170588,-0.5734325558770451,-0.6815997587082968,-0.8983811501052841
179.74224474744457,-0.5738501824483239,-0.6819470263760488,-0.8986224045699526
180.98951018918262,-0.5742660087634803,-0.6822947344445703,-0.8988605279087226
182.24543064179113,-0.5746775678259005,-0.6826441395773691,-0.8990928639090168
183.51006616402782,-0.5750873797985169,-0.6829938596486612,-0.8993220854720183
184.78347723140973,-0.5754955015613623,-0.6833438158967275,-0.8995482333162673
186.06572473910495,-0.5759019899944698,-0.6836939295598484,-0.8997713481603041
187.35687000484452,-0.5763069019778723,-0.6840441218763045,-0.8999914707226688
188.6569747718547,-0.5767102943916027,-0.6843943140843762,-0.900208641721902
189.96610121180996,-0.5771122241156942,-0.6847444274223445,-0.9004229018765438
191.2843119278057,-0.5775127480301795,-0.6850943831284896,-0.9006342919051347
192.611669957352,-0.5779119230150918,-0.6854441024410922,-0.9008428525262149
193.94823877538838,-0.5783098059504639,-0.685793506598433,-0.9010486244583246
195.29408229731854,-0.5787064537163289,-0.6861425168387926,-0.9012516484200043
196.64926488206737,-0.5791019231927197,-0.6864910544004514,-0.9014519651297941
198.0138513351588,-0.5794970658964519,-0.6868386338573285,-0.9016504629187592
199.38790691181433,-0.5798927749314549,-0.687184748500667,-0.9018480744775506
200.77149732007382,-0.5802873550098936,-0.687530216260473,-0.9020429715457445
202.16468872393787,-0.5806807713334915,-0.6878750052924383,-0.9022350970516898
203.56754774653123,-0.5810729891039723,-0.6882190837522557,-0.9024243939237352
204.98014147328905,-0.5814639735230595,-0.6885624197956172,-0.902610805090229
206.40253745516557,-0.5818536897924765,-0.6889049815782154,-0.9027942734795199
207.83480371186351,-0.5822421031139471,-0.6892467372557428,-0.9029747420199568
209.27700873508695,-0.5826291786891948,-0.6895876549838917,-0.9031521536398879
210.7292214918175,-0.5830148817199432,-0.6899277029183545,-0.9033264512676619
212.191511427611,-0.5833991774079156,-0.6902668492148235,-0.9034975778316275
213.66394846991955,-0.5837820309548358,-0.6906050620289912,-0.9036654762601333
215.14660303143512,-0.5841634075624275,-0.6909423095165499,-0.9038300894815279
216.63954601345654,-0.5845430309012888,-0.6912782769188325,-0.9039911451673115
218.14284880928,-0.584920976891052,-0.6916130620795217,-0.9041486849196085
219.65658330761363,-0.5852973648063508,-0.6919468136256199,-0.9043027889792938
221.18082189601452,-0.5856721740861915,-0.6922795163894775,-0.9044534129632369
222.71563746435103,-0.5860453841695819,-0.6926111552034447,-0.9046005124883076
224.261103408288,-0.5864169744955288,-0.6929417148998721,-0.9047440431713759
225.8172936327968,-0.5867869245030395,-0.69327118031111,-0.9048839606293112
227.38428255568886,-0.5871552136311212,-0.6935995362695088,-0.9050202204789836
228.96214511117577,-0.5875218213187812,-0.6939267676074189,-0.9051527783372627
230.55095675345083,-0.5878867270050262,-0.6942528591571908,-0.9052815898210183
232.1507934602989,-0.5882499101288637,-0.6945777957511746,-0.9054066105471201
233.76173173672893,-0.588611350129301,-0.694901562221721,-0.9055277961324382
235.38384861863267,-0.5889710264453449,-0.6952241434011803,-0.905645102193842
237.01722167646804,-0.5893289109962065,-0.6955454942110215,-0.9057585864700894
238.66192901896977,-0.5896849905760223,-0.6958656287394933,-0.9058681046924092
240.3180492968832,-0.5900392453686255,-0.6961845347815817,-0.9059736023626244
241.98566170672635,-0.5903916551114206,-0.6965021983565469,-0.9060750310452517
243.66484599457704,-0.5907421995418116,-0.6968186054836489,-0.9061723423048076
245.35568245988622,-0.5910908583972031,-0.697133742182148,-0.906265487705809
247.05825195931732,-0.591437611414999,-0.6974475944713038,-0.9063544188127722
248.77263591061433,-0.5917824383326034,-0.6977601483703764,-0.9064390871902143
250.49891629649346,-0.5921253188874208,-0.698071389898626,-0.9065194444026515
252.23717566856524,-0.5924662328168554,-0.6983813050753128,-0.9065954420146008
253.98749715128125,-0.5928051598583112,-0.6986898799196966,-0.9066670315905787
255.7499644459092,-0.5931420797491924,-0.6989971004510374,-0.9067341646951018
257.52466183453555,-0.5934770398757987,-0.6993030125811442,-0.9067969119848004
259.31167418409655,-0.5938101470608156,-0.6996077148434788,-0.9068554487507529
261.1110869504361,-0.5941411738884589,-0.6999110098554522,-0.906909361875822
262.9229861823921,-0.5944700901988326,-0.7002128748738081,-0.9069585855008784
264.7474585259121,-0.5947968658320405,-0.7005132871552903,-0.9070030537667924
266.58459122819573,-0.5951214706281864,-0.7008122239566424,-0.9070427008144343
268.4344721418674,-0.5954438744273742,-0.7011096625346084,-0.9070774607846747
270.29718972917806,-0.5957640470697079,-0.7014055801459319,-0.907107267818384
272.1728330662346,-0.596081958395291,-0.7016999540473565,-0.9071320560564324
274.0614918472599,-0.5963975782442276,-0.7019927614956263,-0.9071517596396909
275.9632563888823,-0.5967108764566216,-0.7022839797474849,-0.9071663127090293
277.8782176344539,-0.5970218228725767,-0.702573586059676,-0.9071756494053185
279.8064671583998,-0.5973303873321966,-0.7028615576889434,-0.9071797038694287
281.74809717059793,-0.5976362297326019,-0.7031475038891943,-0.9071781824141751
283.7032005207877,-0.5979394029179027,-0.7034315004698465,-0.9071710801937191
285.6718707030104,-0.5982401357090588,-0.7037138321819076,-0.9071585217165399
287.6542018600805,-0.5985384184159968,-0.7039945005864394,-0.9071404561701463
289.6502887880867,-0.5988342413486433,-0.7042735072445035,-0.9071168327420467
291.66022694092584,-0.599127594816925,-0.7045508537171619,-0.9070876006197498
293.68411243486776,-0.5994184691307685,-0.7048265415654762,-0.9070527089907641
295.72204205315103,-0.5997068546001005,-0.7051005723505086,-0.9070121070425982
297.77411325061144,-0.5999927415348477,-0.7053729476333204,-0.9069657439627605
299.8404241583426,-0.6002761202449366,-0.7056436689749737,-0.90691356893876
301.92107358838786,-0.600556981040294,-0.7059127379365302,-0.9068555311581048
304.01616103846607,-0.6008353142308464,-0.7061801560790517,-0.9067915798083037
306.12578669673,-0.6011111101265203,-0.7064459249636,-0.9067216640768653
308.250051446557,-0.6013845950098106,-0.706710244075342,-0.9066462903865203
310.38905687137236,-0.6016555479867265,-0.7069729378261622,-0.9065649091792551
312.5429052595092,-0.6019239156765455,-0.7072339711311987,-0.9064773664697008
314.7116996090977,-0.6021896783020726,-0.7074933370908498,-0.9063835876252267
316.89554363299214,-0.6024528160861129,-0.707751028805514,-0.9062834980132027
319.0945417637299,-0.6027133092514719,-0.7080070393755895,-0.9061770230009982
321.3087991585256,-0.6029711380209547,-0.7082613619014747,-0.9060640879559831
323.5384217042988,-0.6032262826173663,-0.7085139894835679,-0.905944618245527
325.7835160227397,-0.6034787232635122,-0.7087649152222677,-0.9058185392369991
328.04418947540546,-0.6037284401821974,-0.709014132217972,-0.9056857762977694
330.32055016885596,-0.6039754135962271,-0.7092616335710794,-0.9055462547952073
332.61270695982313,-0.6042196237284067,-0.7095074123819882,-0.9053999000966826
334.9207694604162,-0.6044609464110925,-0.7097513291619203,-0.9052466006577589
337.2448480433628,-0.6046990162611805,-0.7099929380477153,-0.9050861596417312
339.5850538472894,-0.6049342882614674,-0.7102328351454776,-0.9049186702881147
341.94149878203257,-0.6051667635078574,-0.7104710400671024,-0.9047440653448752
344.3142955339938,-0.6053964430962546,-0.710707572424484,-0.904562277559979
346.70355757152635,-0.6056233281225635,-0.7109424518295177,-0.9043732396813922
349.10939915036204,-0.6058474196826882,-0.711175697894098,-0.9041768844570809
351.5319353190742,-0.6060687188725329,-0.7114073302301197,-0.903973144635011
353.9712819245809,-0.6062872267880021,-0.7116373684494778,-0.9037619529631488
356.42755561768297,-0.6065029445249999,-0.711865832164067,-0.9035432421894602
358.9008738586439,-0.6067158731794304,-0.7120927409857821,-0.9033169450619116
361.39135492280593,-0.6069260138471981,-0.712318114526518,-0.9030829943284688
363.8991179062466,-0.6071333676242074,-0.7125419723981695,-0.902841322737098
366.4242827314727,-0.6073325285255131,-0.7127611588860883,-0.9025992795149493
368.9669701531573,-0.6075236325973951,-0.7129757728522342,-0.9023566123088818
371.52730176391174,-0.6077125609310696,-0.7131892869556654,-0.9021051887270846
374.10540000010235,-0.6078997206989811,-0.7134019592781004,-0.9018443845333965
376.7013881477047,-0.608085519073574,-0.7136140479012574,-0.9015735754916567
379.3153903481981,-0.6082703632272927,-0.713825810906855,-0.9012921373657045
381.94753160450347,-0.608454660332581,-0.7140375063766116,-0.9009994459193785
384.5979377869613,-0.6086388175618839,-0.7142493923922453,-0.9006948769165183
387.2667356393496,-0.6088232420876452,-0.7144617270354747,-0.9003778061209627
389.9540527849453,-0.6090083410823094,-0.7146747683880182,-0.9000476092965508
392.66001773262815,-0.6091945217183208,-0.7148887745315943,-0.8997036622071218
395.3847598830246,-0.6093821911681238,-0.7151040035479211,-0.8993453406165147
398.12840953469623,-0.6095717566041625,-0.7153207135187173,-0.8989720202885685
400.89109789037195,-0.6097765052911319,-0.7155463735807798,-0.898566382179414
403.67295706322074,-0.6099865656242359,-0.7157754871343092,-0.8981411251103784
406.4741200831698,-0.6101986647721732,-0.7160062519722321,-0.8977003947610517
409.29472090326664,-0.6104126131074061,-0.716238592051522,-0.8972443404503645
412.1348944060836,-0.6106282210023972,-0.7164724313291518,-0.896773111497247
414.9947764101687,-0.6108452988296089,-0.7167076937620953,-0.89628685722063
417.87450367654134,-0.6110636569615039,-0.7169443033073254,-0.8957857269394436
420.7742139152309,-0.6112831057705443,-0.7171821839218155,-0.8952698699726183
423.6940457918629,-0.611503455629193,-0.717421259562539,-0.8947394356390844
426.63413893429015,-0.6117245169099121,-0.7176614541864691,-0.8941945732577725
429.594633939269,-0.6119460999851642,-0.7179026917505791,-0.893635432147613
432.57567237918295,-0.6121680152274119,-0.7181448962118423,-0.8930621616275363
435.57739680881434,-0.6123896965122011,-0.7183877141812539,-0.8924755424648523
438.5999507721591,-0.6126085437118054,-0.7186292939238682,-0.8918797667909859
441.6434788092925,-0.6128272871339894,-0.7188717103633103,-0.8912700867043748
444.70812646328096,-0.6130458560595922,-0.719114975050259,-0.8906464520946888
447.79404028714083,-0.6132641797694527,-0.7193590995353928,-0.8900088128515977
450.9013678508488,-0.6134821875444101,-0.7196040953693904,-0.8893571188647712
454.0302577483964,-0.6136998086653035,-0.7198499741029307,-0.8886913200238792
457.1808596048977,-0.6139169724129718,-0.7200967472866923,-0.8880113662185913
460.35332408374364,-0.6141336080682543,-0.7203444264713537,-0.8873172073385772
463.5478028938076,-0.6143496449119897,-0.7205930232075938,-0.8866087932735067
466.76444879669737,-0.6145650122250175,-0.7208425490460912,-0.8858860739130497
470.00341561406447,-0.6147796392881764,-0.7210930155375247,-0.885148999146876
473.26485823495744,-0.6149934553823055,-0.7213444342325729,-0.8843975188646549
476.54893262322946,-0.6152048632358893,-0.7215956921082073,-0.8836349455349686
479.8557958249953,-0.6154133416205295,-0.7218464688359923,-0.8828622213965901
483.18560597614413,-0.6156209867179548,-0.7220983722693862,-0.8820745232469249
486.5385223098982,-0.6158278607010648,-0.7223515118573918,-0.8812715082506412
489.91470516443036,-0.6160340257427592,-0.722605997049012,-0.8804528335724064
493.31431599053025,-0.616239544015938,-0.7228619372932497,-0.8796181563768888
496.7375173593252,-0.6164444776935009,-0.7231194420391078,-0.8787671338287556
500.1844729700532,-0.6166488889483476,-0.7233786207355897,-0.877899423092675
503.65534765789357,-0.6168528399533779,-0.7236395828316978,-0.8770146813333147
507.15030740184824,-0.6170563928814919,-0.7239024377764353,-0.8761125657153425
510.66951933267705,-0.617259609905589,-0.7241672950188052,-0.8751927334034263
514.2131517408936,-0.6174625531985691,-0.7244342640078102,-0.8742548415622337
517.7813740848112,-0.6176652849333323,-0.7247034541924535,-0.8732985473564325
521.3743569986447,-0.6178665571054818,-0.7249729943652672,-0.8723276654704977
524.9922723006737,-0.6180673270748195,-0.7252443472712817,-0.8713390124174636
528.6352930014574,-0.6182681872721235,-0.7255184239752053,-0.8703305627213068
532.3035933121063,-0.6184692661520137,-0.7257954341272261,-0.869301763218242
535.9973486526167,-0.6186706921691102,-0.7260755873775327,-0.8682520607444831
539.7167356602569,-0.6188725937780329,-0.7263590933763131,-0.8671809021362442
543.4619321980135,-0.6190750994334021,-0.7266461617737558,-0.8660877342297395
547.2331173630994,-0.6192783375898375,-0.726937002220049,-0.8649720038611832
551.0304714955166,-0.6194824367019593,-0.727231824365381,-0.8638331578667892
554.85417618668,-0.6196875252243877,-0.7275308378599401,-0.8626706430827716
558.7044142881017,-0.6198937316117424,-0.7278342523539146,-0.8614839063453451
562.5813699201364,-0.6201011843186437,-0.7281422774974929,-0.860272394490723
566.485228480783,-0.6203091887913974,-0.7284546632565518,-0.8590350049522966
570.4161766545524,-0.6205030407703505,-0.7287633345945648,-0.8577612829225668
574.3744024213956,-0.6206991735712697,-0.7290776081035816,-0.8564615596195873
578.3600950656923,-0.6208983341178637,-0.7293980388744525,-0.8551356947413353
582.3734451853005,-0.6211012693338409,-0.7297251819980282,-0.8537835479857876
586.4146447006742,-0.62130872614291,-0.7300595925651592,-0.8524049790509212
590.4838868640404,-0.6215214514687796,-0.730401825666696,-0.8509998476347124
594.5813662686372,-0.6217401922351581,-0.7307524363934889,-0.8495680134351394
598.707278858025,-0.621965695365754,-0.7311119798363888,-0.8481093361501783
602.8618219354526,-0.6221987077842761,-0.7314810110862461,-0.8466236754778058
607.0451941732915,-0.6224399764144326,-0.7318600852339113,-0.8451108911159996
611.2575956225412,-0.6226902481799325,-0.7322497573702348,-0.8435708427627361
615.4992277223921,-0.6229502700044839,-0.7326505825860673,-0.8420033901159922
619.7702933098577,-0.6232122074646949,-0.7330506258544331,-0.8404567995357467
624.0709966294776,-0.623470488085559,-0.7334412444055662,-0.838966577920124
628.4015433430828,-0.6237419681632697,-0.7338464404602457,-0.8374417133428957
632.7621405396295,-0.6240282832362708,-0.7342680624846653,-0.8358770529005612
637.1529967451044,-0.6243310688430069,-0.7347079589450186,-0.8342674436896189
641.5743219324955,-0.6246519605219223,-0.7351679783074996,-0.8326077328065673
646.0263275318322,-0.6249925938114611,-0.7356499690383015,-0.8308927673479056
650.5092264402975,-0.6253546042500676,-0.7361557796036186,-0.8291173944101321
655.0232330324089,-0.6257396273761863,-0.736687258469644,-0.8272764610897458
659.5685631702672,-0.6261492987282612,-0.7372462541025717,-0.8253648144832455
664.1454342138832,-0.6265852538447368,-0.7378346149685955,-0.8233773016871299
668.7540650315698,-0.6270491282640575,-0.7384541895339091,-0.8213087697978969
673.3946760104062,-0.6275425575246671,-0.7391068262647057,-0.8191540659120469
678.0674890667824,-0.6281319186029906,-0.7397253619433677,-0.816905391257315
682.7727276570067,-0.628783546532129,-0.7403492739085564,-0.8145590355997994
687.510616787992,-0.6294636096585104,-0.7410182171800032,-0.8121112955177896
692.2813830280193,-0.6301701364103078,-0.7417378852536277,-0.8095571655240398
697.0852545175666,-0.6309011552156938,-0.7425139716253494,-0.8068916401313051
701.9224609802244,-0.631654694502841,-0.7433521697910879,-0.8041097138523401
706.7932337336784,-0.6324287826999226,-0.7442581732467629,-0.8012063811998988
711.6978057007694,-0.6332214482351113,-0.7452376754882942,-0.7981766366867364
716.636411420636,-0.6340307195365793,-0.7462963700116008,-0.7950154748256084
721.6092870599282,-0.6348546250325001,-0.7474399503126029,-0.7917178901292676
726.6166704240992,-0.635691193151046,-0.7486741098872199,-0.7882788771104702
731.6588009687808,-0.6365384523203899,-0.7500045422313714,-0.7846934302819701
736.7359198112337,-0.6373944309687046,-0.7514369408409771,-0.7809565441565216
741.8482697418737,-0.6377746383491149,-0.7530963851917344,-0.7771110686477216
746.9960952358878,-0.6381684070441042,-0.7548670092004528,-0.7731032715887325
752.1796424649228,-0.6386015025471037,-0.7567476435959681,-0.768925396579091
757.3991593088546,-0.6390903876348877,-0.7587394208061979,-0.7645706098453686
762.6548953676469,-0.6396515250842302,-0.760843473259061,-0.7600320776141345
767.9471019732846,-0.6403013776719055,-0.7630609333824756,-0.7553029661119581
773.2760322017906,-0.6410564081746876,-0.7653929336043596,-0.7503764415654108
778.6419408853325,-0.6419330793693504,-0.7678406063526314,-0.745245670201062
784.0450846244066,-0.6429478540326686,-0.7704050840552102,-0.73990381824548
789.4857218001061,-0.6441171949414153,-0.7730874991400124,-0.7343440519252389
794.964112586482,-0.6454575648723655,-0.7758889840349577,-0.7285595374669053
800.4805189629822,-0.6469854266022931,-0.7788106711679645,-0.7225434410970493
806.0352047269768,-0.6488295243356934,-0.781755357025095,-0.7161996986956323
811.6284355063789,-0.6511617478961707,-0.78458805121013,-0.7093979582053648
817.2604787723434,-0.6537123165742703,-0.7875605778583271,-0.702358864305929
822.931603852056,-0.6564833441626812,-0.7906866362209292,-0.695086986399374
828.6420819416169,-0.6594769444540912,-0.7939799255491784,-0.6875868938877504
834.3921861190072,-0.6626952312411891,-0.797454145094318,-0.6798631561731073
840.1821913571459,-0.666140318316662,-0.801122994107589,-0.6719203426574974
846.0123745370441,-0.6698143194731991,-0.8050001718402351,-0.6637630227429688
851.883014461039,-0.6737193485034877,-0.8090993775434974,-0.6553957658315743
857.7943918661339,-0.6778575192002169,-0.8134343104686196,-0.6468231413253617
863.7467894374154,-0.6822309453560735,-0.8180186698668428,-0.6380497186263839
869.7404918215781,-0.6868417407637466,-0.82286615498941,-0.6290800671366902
875.7757856405337,-0.6916920192159249,-0.8279904650875642,-0.6199187562583295
881.8529595051158,-0.6965935079835328,-0.833357479387878,-0.6104004429651517
887.9723040288844,-0.7016199257827895,-0.8389988823916952,-0.6005936012167098
894.1341118420232,-0.7069110839060012,-0.8449629592955622,-0.5906256899783584
900.3386776053289,-0.7124809018895759,-0.8512663746391821,-0.5805118148107122
906.5862980243082,-0.7183432992699206,-0.8579257929622567,-0.5702670812743873
912.8772718633629,-0.7245121955834437,-0.8649578788044896,-0.559906594929998
919.2118999600751,-0.7310015103665503,-0.8723792967055806,-0.5494454613381632
925.590485239599,-0.7378251631556485,-0.8802067112052329,-0.5388987860594975
932.0133327291428,-0.7449970734871467,-0.8884567868431499,-0.5282816746546153
938.480749572554,-0.75253116089745,-0.8971461881590312,-0.5176092326841357
944.9930450450125,-0.7604413449229663,-0.9062915796925803,-0.5068965657086731
951.5505305678165,-0.7687415451001044,-0.9159096259835008,-0.49615877928884194
958.1535197232729,-0.7774456809652688,-0.9260169915714916,-0.4854109789852613
964.8023282696985,-0.7871085673435888,-0.9373070913506443,-0.4746606007741642
971.4972741565169,-0.797234910819387,-0.9491594794014495,-0.46392997056321855
978.2386775394598,-0.8077644938254278,-0.9614980623634956,-0.45323524513457186
985.026860795883,-0.8186890407591427,-0.9743117349502707,-0.4425918447631554
991.86214854018,-0.8300002760179631,-0.9875893918752637,-0.4320151897239002
998.7448676393017,-0.8416899239993157,-1.0013199278519573,-0.4215207002917423
1005.6753472283939,-0.8537497091006341,-1.0154922375938424,-0.41112379674161137
1012.653918726532,-0.8661713557193423,-1.0300952158143988,-0.40083989934844466
1019.6809158525728,-0.878946588252878,-1.0451177572271224,-0.390684428387169
1026.756674641108,-0.8920671310986653,-1.0605487565454927,-0.3806728041327215
1033.8815334585404,-0.905524708654138,-1.0763771084830014,-0.37082044686003207
1041.0558330192582,-0.9193110453167243,-1.0925917077531329,-0.36114277684403506
1048.2799164019345,-0.9333697259262391,-1.1090495339728796,-0.3517315490518027
1055.5541290659266,-0.9475755696777204,-1.1254191307387076,-0.3427875598414033
1062.8788188678022,-0.9620951744887172,-1.1421685923750764,-0.33404893328931
1070.2543360779723,-0.9769282991942333,-1.1593088300754777,-0.3255183494969063
1077.681033397437,-0.9920747026292657,-1.1768507550333946,-0.3171984885655791
1085.1592659746582,-1.0075341436288177,-1.1948052784423187,-0.30909203059671186
1092.6893914225404,-1.023306381027893,-1.213183311495741,-0.301201655691688
1100.2717698355293,-1.039391173661488,-1.2319957653871452,-0.29353004395189447
1107.9067638068357,-1.0557882803646066,-1.2512535513100222,-0.2860798754787146
1115.5947384457747,-1.0724974599722525,-1.270967580457864,-0.27885383037353206
1123.3360613952202,-1.089518471319422,-1.291148764024153,-0.27185458873773355
1131.1311028491928,-1.1068510732411188,-1.311808013202381,-0.26508483067270255
1138.9802355705594,-1.1244950245723468,-1.3329562391860401,-0.2585472362798227
1146.8838349088562,-1.1430052055179796,-1.354977568820644,-0.2523633066662926
1154.8422788182431,-1.162290434112279,-1.3778217725616648,-0.24651625650125017
1162.8559478755767,-1.1818267528678756,-1.4011476599914137,-0.2408966669766129
1170.925225298604,-1.2015751063331048,-1.4249400469301983,-0.23549891018612934
1179.0504969642961,-1.2214964390563106,-1.4491837491983366,-0.23031735822354563
1187.2321514272978,-1.241551695585838,-1.473863582616147,-0.2253463831826078
1195.4705799385047,-1.2617018204700228,-1.4989643630039364,-0.22058035715706434
1203.7661764637785,-1.281907758257209,-1.5244709061820232,-0.21601365224066138
1212.1193377027867,-1.3021304534957414,-1.5503680279707257,-0.21164064052714518
1220.5304631079657,-1.3223308507339553,-1.576640544190351,-0.20745569411026393
1228.999954903632,-1.3424698945201956,-1.6032732706612174,-0.2034531850837639
1237.5282181052128,-1.3625085294028065,-1.6302510232036433,-0.19962748554139143
1246.1156605386104,-1.3824076999301238,-1.6575586176379353,-0.19597296757689453
1254.7626928597115,-1.4015227565118182,-1.6846918526619903,-0.19243938314793763
1263.4697285740222,-1.4203308236933867,-1.7120523593206136,-0.18905913645631583
1272.2371840564383,-1.4389317690498147,-1.7397371337449716,-0.18583683543519128
1281.065478571161,-1.4573133800029396,-1.767752667369318,-0.18276882995945515
1289.955034291746,-1.4754634439746057,-1.7961054516279145,-0.1798514699039979
1298.9062763212926,-1.4933697483866553,-1.8248019779550226,-0.17708110514370998
1307.9196327127665,-1.5110200806609244,-1.8538487377848918,-0.17445408555348307
1316.9955344894777,-1.5284022282192562,-1.8832522225517838,-0.17196676100820757
1326.134415665689,-1.5455039784834963,-1.9130189236899648,-0.16961548138277374
1335.336713267365,-1.5623131188754726,-1.9431553326336708,-0.16739659655207412
1344.6028673530823,-1.578817436817036,-1.973667940817177,-0.1653064563909982
1353.933321035065,-1.595004719730027,-2.0045632396747406,-0.1633414107744369
1363.3285205003745,-1.6108870957192936,-2.036498145279267,-0.1614976917427941
1372.7889150322515,-1.626559300799397,-2.072336998195204,-0.15977113142736973
1382.3149570315986,-1.6418710710780249,-2.1083973228676043,-0.15815874801650545
1391.9071020386095,-1.6568043390354625,-2.1445291566887237,-0.15665691972916315
1401.565808754562,-1.6713410371520032,-2.180582537050833,-0.15526202478430404
1411.291539063749,-1.6854630979079395,-2.216407501346202,-0.15397044140088942
1421.084758055561,-1.6991524537835594,-2.2518540869670916,-0.15277854779788091
1430.945934046736,-1.71239103725915,-2.2867723313057557,-0.15168272219424025
1440.8755386037496,-1.7251607808150076,-2.3210122717544763,-0.15067934280892845
1450.874046565368,-1.7374436169314227,-2.354423945705518,-0.14976478786090694
1460.941936065348,-1.7492214780886821,-2.386857390551136,-0.14893543556913744
1471.0796885553127,-1.760476296767078,-2.418162643683601,-0.14818766415258128
1481.287788827768,-1.771190005446903,-2.448189742495182,-0.14751785183019978
1491.5667250392828,-1.7808988190932522,-2.4746165928036117,-0.14687452705941206
1501.9169887338417,-1.7895353728603305,-2.4970529895272042,-0.14624877577153636
1512.3390748663444,-1.7976289741365181,-2.5180165123477662,-0.14569573932122803
1522.8334818262738,-1.805197284785317,-2.537531319976043,-0.1452156316359604
1533.4007114615354,-1.8122579666702328,-2.555621571122788,-0.14480866664320657
1544.0412691024515,-1.8188286816547712,-2.5723114244987553,-0.14447505827043972
1554.7556635859248,-1.8249270916024356,-2.5876250388146924,-0.14421502044513307
1565.544407279774,-1.8305708583767295,-2.601586572781349,-0.14402876709475979
1576.4080161072368,-1.8357776438411577,-2.614220185109477,-0.1439165121467931
1587.3470095716416,-1.840565109859228,-2.6255500345098333,-0.1438784695287061
1598.3619107812424,-1.8449509182944406,-2.635600279693161,-0.14391485316797203
1609.4532464742458,-1.848952731010302,-2.644395079370214,-0.14402587699206404
1620.6215470439945,-1.852588209870317,-2.651958592251745,-0.14421175492845537
1631.8673465643255,-1.8556596241735042,-2.6572439240038226,-0.14477630281145332
1643.1911828151215,-1.8583456934002605,-2.6610761024449796,-0.14549271930588425
1654.5935973080195,-1.8607368520208794,-2.6638411526403396,-0.14625864329333338
1666.0751353123053,-1.8628611434869262,-2.665614856398829,-0.14705965555950645
1677.6363458809944,-1.8647466112499689,-2.6664729955293756,-0.14788133689010963
1689.2777818770876,-1.866421298761574,-2.666491351840906,-0.14870926807084905
1701.,-1.8679132494733084,-2.665745707142347,-0.1495290298874306